97
44
63
58
50
109
6
93
43
83
51
66
116
98
54
96
52
117
53
104
44
90
53
72
135
98
85
77
82
44
145
7
100
104
70
77
56
132
98
54
98
59
67
13
10
37
73
108
92
46
110
113
39
102
113
74
59
68
168
102
99
67
57
53
18
81
44
95
107
70
75
54
186
101
112
72
82
56
131
51
45
93
37
111
51
123
100
38
44
88
102
74
77
63
173
49
26
49
20
55
39
109
58
89
142
44
96
53
37
105
49
146
98
96
97
69
52
19
36
19
145
106
45
66
54
60
112
66
47
54
46
36
172
41
48
69
38
65
53
78
75
85
82
75
60
76
47
37
129
76
119
127
45
112
68
55
52
99
52
110
73
74
39
47
50
54
52
9
14
18
43
63
54
43
53
72
45
75
126
71
100
66
124
43
83
35
71
92
73
55
82
124
75
114
53
107
84
50
45
123
122
115
117
60
94
52
45
44
52
36
37
34
47
46
36
70
53
67
103
92
133
53
47
51
44
69
75
72
69
73
80
67
64
49
68
127
81
81
68
82
71
67
66
73
67
73
66
73
52
71
76
38
37
47
45
79
68
88
121
70
71
51
38
98
76
126
44
53
52
50
17
121
80
102
69
126
48
51
105
71
129
98
18
71
83
44
50
86
46
48
82
82
25
21
21
22
95
96
93
88
80
86
106
93
94
88
93
97
95
111
52
58
66
109
